          84
         195
          87
         148
          32
         240
         160
         199
          44
         196
         176
         155
         137
          83
          93
          12
          42
          93
          65
         111
          10
         132
         225
         218
         145
         121
          30
          42
         221
          42
          23
         126
         203
         216
         141
         211
         234
         216
         122
         176
           9
         154
           5
         180
